0000000000000000000000000000
0000000000000000000000000000
0000000000000000000000000000
0000000000000000000000000000
0000000000000000000011100000
0000000000000000000010010000
0000000000000000001000000000
0000000000000000001000001000
0000000000000000001000010000
0100000000000000000001000000
0110010000010101100000000000
0100010000010000100000000000
0001010000000001000000000000
0000000000001010000000000000
0000000000000000000000000010
0000000000000000000001011111
0000000000000000000001111101
0000000000000000000001010011
0000000000000000000000000111
0000000000000000000011101001
0000000000000000000001111001
0000000000000000000000011010
0000000000000000111000010100
0110000000000000000000000000
0101110000010000000000011100
0100011000101000000010010100
1000010000101000000010000110
1111100000010000000001110100
